id	fdr.pvalue.5m_vs_0m	fdr.pvalue.15m_vs_0m	5m_vs_0m	15m_vs_0m
PERT-PSP_VIRUS_INFECTION	0.0895454217649463	0.11428673205253	2.5214	2.3595
PERT-PSP_VANADATE	0.0665581608539206	0.159069338324576	2.6153	2.1637
PERT-PSP_UV	0.100684655658478	0.687098476827604	2.4108	0.8076
PERT-PSP_U0126	0.00502209722780233	0.0316364924831694	-2.9615	-2.8147
PERT-PSP_TNF	0.108088650792214	0.620455238700622	2.3823	0.9533
PERT-PSP_THROMBIN	0.0124179723934676	0.192349084273796	3.2399	2.0457
PERT-PSP_SPHINGOSINE_1_PHOSPHATE	0.0798748584617508	0.00502209722780233	2.5771	2.9957
PERT-PSP_SORBITOL	0.0701580174423625	0.0304579469469423	-2.5862	-3.1078
PERT-PSP_PHORBOL_ESTER_IONOMYCIN	0.085337273283065	0.297493932601171	2.4846	1.7414
PERT-PSP_PHORBOL_ESTER	0.0317469420526139	0.297150414918116	2.9191	1.7442
PERT-PSP_PAR2_ACTIVATING_PEPTIDE	0.0903363291021959	0.117934878005968	2.51	2.3064
PERT-PSP_PAR1_ACTIVATING_PEPTIDE	0.00178571428571429	0.00315210812991729	3.3243	2.9879
PERT-PSP_OKADAIC_ACID	0.00585827657314254	0.186029206585434	2.9458	2.1134
PERT-PSP_LPS	0.0931460063649771	0.187006692784583	2.4756	2.1021
PERT-PSP_LPA	0.0887468938587149	0.11428673205253	2.4935	2.3756
PERT-PSP_INSULIN	0.0340476667334268	0.297493932601171	2.9763	1.7152
PERT-PSP_IL_2	0.04593786750294	0.208164031717888	2.8405	2.0013
PERT-PSP_IL_1B	0.0853246699924042	0.297493932601171	2.5148	1.7241
PERT-PSP_IL_1A	0.085337273283065	0.297493932601171	2.5437	1.739
PERT-PSP_HGF	0.0746069810818012	0.0645827951433738	2.4938	2.6329
PERT-PSP_HEREGULIN	0.00931908548707754	0.0425038347904278	2.9049	2.7494
PERT-PSP_H2O2	0.941334073381231	0.0178790355537393	0.1802	-3.1394
PERT-PSP_FIBRONECTIN	0.0116096824751843	0.0448998732825798	2.9585	2.75
PERT-PSP_FGF2	0.877457144165372	0.0448998732825798	-0.3274	-2.5857
PERT-PSP_FGF1	0.00178571428571429	0.00585827657314254	3.3706	2.9536
PERT-PSP_ETOPOSIDE	0.220961808656217	0.00703012408169004	-1.7824	-3.4121
PERT-PSP_ERLOTINIB	0.00178571428571429	0.00703012408169004	-3.4892	-3.0432
PERT-PSP_EGF	0.551792485959194	0.00178571428571429	1.0927	-4.6718
PERT-PSP_DASATINIB	0.00806774322632279	0.0448804595759061	-2.9523	-2.7231
PERT-PSP_CYCLIC_STRETCH	0.00703012408169004	0.0438113358702183	2.9517	2.7365
PERT-PSP_CISPLATIN	0.0895454217649463	0.143488492222924	2.5119	2.2064
PERT-PSP_BACTERIAL_INFECTION	0.0895454217649463	0.116076775548261	2.4777	2.3503
PERT-PSP_ARSENITE	0.102461158856617	0.00585827657314254	-2.1673	-3.3392
PERT-PSP_ANTI_IGM	0.00178571428571429	0.00178571428571429	3.0887	3.0641
PERT-PSP_ANTI_CD3	0.00178571428571429	0.905178419119271	4.5833	-0.2521
PERT-PSP_ANISOMYCIN	0.10760372593128	0.374475733972439	2.369	1.5034
PERT-P100-DIA2_PAZOPANIB	0.836031274088757	0.836031274088757	0.4239	0.4403
PERT-P100-DIA2_LENALIDOMIDE	0.105760233735326	0.103669055201699	1.9595	2.0143
PERT-P100-DIA2_IPI145	0.0773376957036944	0.0236018277255391	1.9972	2.2252
PATH-WP_Non-small_cell_lung_cancer	0.00178571428571429	0.00585827657314254	3.3893	2.9866
PATH-NP_TWEAK_PATHWAY	0.100105981767654	0.624748106601286	2.4448	0.9428
PATH-NP_TSLP_PATHWAY	0.0316364924831694	0.78827231977564	2.9784	0.6047
PATH-NP_TIE2_PATHWAY	0.0646926176481461	0.0104934940336991	-2.531	-3.5011
PATH-NP_T_CELL_RECEPTOR_PATHWAY	0.0895454217649463	0.116076775548261	2.4875	2.3192
PATH-NP_PROLACTIN_PATHWAY	0.0665581608539206	0.00178571428571429	-2.6652	-3.4853
PATH-NP_OXYTOCIN_PATHWAY	0.0931460063649771	0.297150414918116	2.5008	1.7382
PATH-NP_NOTCH_PATHWAY	0.208164031717888	0.913463621787927	2.0025	0.2215
PATH-NP_LEPTIN_PATHWAY	0.0436407125135565	0.839843646645653	2.8357	0.3953
PATH-NP_KIT_RECEPTOR_PATHWAY	0.00585827657314254	0.0401357735883675	3.0316	2.7626
PATH-NP_IL33_PATHWAY	0.0317469420526139	0.286279486413855	2.9916	1.7729
PATH-NP_GLP1_PATHWAY	0.830322170692615	0.04593786750294	0.4928	-2.957
PATH-NP_EGFR1_PATHWAY	0.0316364924831694	0.187006692784583	3.4103	-2.1244
PATH-NP_CRH_PATHWAY	0.100105981767654	0.620455238700622	2.4177	0.9679
PATH-NP_CCR7_PATHWAY	0.216730704170896	0.319846845506334	-1.8701	-1.6423
PATH-NP_B_CELL_RECEPTOR_PATHWAY	0.0156672689861188	0.836031274088757	3.1176	0.4773
PATH-NP_AGE_RAGE_PATHWAY	0.051892939100753	0.734687873972888	2.7627	0.7284
PATH-BI_ISCHEMIA	0.0387624636229188	0.1184259708154	2.8809	2.3586
KINASE-PSP_ZAP70	0.00178571428571429	0.860331697336103	4.2961	0.3597
KINASE-PSP_Syk/SYK	0.00178571428571429	0.297493932601171	3.7106	-1.6317
KINASE-PSP_Src/SRC	0.294115090277395	0.297493932601171	1.7535	-1.6991
KINASE-PSP_Ret/RET	0.192206743387846	0.911099192971703	1.9274	0.2766
KINASE-PSP_MKK7/MAP2K7	0.836031274088757	0.031023071973527	-0.4982	-2.9811
KINASE-PSP_MKK4/MAP2K4	0.16443006880766	0.00585827657314254	-1.974	-3.6447
KINASE-PSP_MEKK6/MAP3K6	0.189570022220903	0.0177674895552544	-1.8117	-3.0929
KINASE-PSP_MEK1/MAP2K1	0.00178571428571429	0.00315210812991729	3.0563	3.0429
KINASE-PSP_LYN	0.215244172378524	0.639334205488666	1.9087	-0.8866
KINASE-PSP_Lck/LCK	0.00178571428571429	1	4.9658	0.0045
KINASE-PSP_Fyn/FYN	0.830322170692615	0.402442511734312	-0.5016	-1.4149
KINASE-PSP_EGFR	0.442042448194079	0.761232880910553	1.322	-0.6927
KINASE-PSP_ASK1/MAP3K5	0.1880550724446	0.0123639960435213	-1.8092	-3.1565
KINASE-PSP_ALK	0.0931460063649771	0.485178595606907	-2.3652	-1.2848
KINASE-PSP_Abl/ABL1	0.382075748966436	0.0915440897062989	1.4895	-2.5173
KINASE-iKiP_ZAP70	0.599377442214716	0.338601452470365	1.0865	-1.5787
KINASE-iKiP_YES1	0.297493932601171	0.319984422665022	-1.7113	-1.6042
KINASE-iKiP_TYRO3	0.650206919556765	0.836031274088757	-0.8989	0.4533
KINASE-iKiP_TXK	0.165318205507189	0.878029856012524	-1.9673	-0.3143
KINASE-iKiP_TNK1	0.836031274088757	0.599377442214716	0.4749	1.0057
KINASE-iKiP_TEK	0.424067052484534	0.71650849985855	-1.3819	0.7607
KINASE-iKiP_TEC	0.882365703375857	0.785567313345091	0.3124	0.6123
KINASE-iKiP_SYK	0.703512220572135	0.754784872606069	0.7786	0.6933
KINASE-iKiP_SRMS	0.04593786750294	0.297493932601171	-2.7613	-1.6783
KINASE-iKiP_ROS1	0.297493932601171	0.836031274088757	-1.7284	-0.4317
KINASE-iKiP_RET	0.213101084035949	0.754784872606069	1.9691	-0.7135
KINASE-iKiP_PTK2.FAK	0.898744641175	0.332211531222237	0.2784	-1.5793
KINASE-iKiP_NTRK3	0.836031274088757	0.230538087141148	0.4245	1.9214
KINASE-iKiP_NTRK1	0.319984422665022	0.123313156441504	-1.6362	2.3026
KINASE-iKiP_MUSK	0.834322017681503	0.836031274088757	-0.5014	0.3994
KINASE-iKiP_MET	0.829188176331592	0.793858564703715	-0.515	0.5658
KINASE-iKiP_MATK.CTK	0.903643435356853	0.192206743387846	-0.2784	-2.0359
KINASE-iKiP_LYNB.LYN	0.0535161560936099	0.834322017681503	-2.7766	-0.5064
KINASE-iKiP_LYNA.LYN	0.999965468818343	0.999965468818343	-0.0531	-0.0527
KINASE-iKiP_LTK	0.0436800436800437	0.297493932601171	-2.8638	1.692
KINASE-iKiP_LCK	0.488912066942433	0.614114685152937	-1.2194	-0.9712
KINASE-iKiP_INSR	0.445351109067923	0.678704119289846	1.3235	-0.8404
KINASE-iKiP_HCK	0.324045526951339	0.0931460063649771	-1.6108	2.5474
KINASE-iKiP_FRK	0.566660922511345	0.969632326293941	1.1041	0.1136
KINASE-iKiP_FLT3	0.799840031993601	0.319984422665022	-0.5653	1.607
KINASE-iKiP_FGR	0.308494387992296	0.96285815051351	-1.6555	-0.142
KINASE-iKiP_FGFR3	0.215599335679785	0.987741223737074	1.9523	0.0797
KINASE-iKiP_FGFR2	0.614114685152937	0.495208183444943	0.9976	-1.2366
KINASE-iKiP_FES	0.338601452470365	0.969632326293941	-1.5624	-0.1187
KINASE-iKiP_FER	0.1226211496959	0.570216286597826	-2.3349	1.0583
KINASE-iKiP_EPHB4	0.116076775548261	0.78827231977564	-2.4028	0.5941
KINASE-iKiP_EPHB3	0.836031274088757	0.836031274088757	-0.4143	-0.3999
KINASE-iKiP_EPHB2	0.173695429280665	0.836031274088757	-2.1212	0.4117
KINASE-iKiP_EPHB1	0.11144578313253	0.528276689520651	-2.3398	1.1484
KINASE-iKiP_EPHA8	0.187006692784583	0.501273521521109	-2.0834	1.1893
KINASE-iKiP_EPHA6	0.051892939100753	0.0466710025533555	2.0145	-2.1884
KINASE-iKiP_EPHA5	0.836031274088757	0.424067052484534	0.4057	-1.3848
KINASE-iKiP_EPHA3	0.0229095626926212	0.599377442214716	-3.1264	-1.0366
KINASE-iKiP_EPHA2	0.599377442214716	0.427800244984889	-1.0508	-1.3696
KINASE-iKiP_EPHA1	0.620350062357545	0.820829381910142	-0.9709	-0.5434
KINASE-iKiP_DDR2	0.78827231977564	0.431201667838355	-0.6195	1.3751
KINASE-iKiP_BMX	0.0466710025533555	0.653674846777995	2.9877	-0.8689
KINASE-iKiP_AXL	1	0.614117277018391	0.0289	-0.958
KINASE-iKiP_ALK	0.187006692784583	0.315889573936549	-2.0783	1.642
DISEASE-PSP_type_2_diabetes	0.00502209722780233	0.116076775548261	2.9742	2.3436
DISEASE-PSP_neuroblastoma	0.620455238700622	0.78827231977564	0.9477	-0.6098
DISEASE-PSP_HNSCC	0.00178571428571429	0.00502209722780233	-3.4423	-2.9829
DISEASE-PSP_glioma	0.0104934940336991	0.0448998732825798	2.9502	2.7841
DISEASE-PSP_breast_cancer	0.117934878005968	0.267168018998615	2.0941	-1.8205
DISEASE-PSP_acute_myelogenous_leukemia	0.00806774322632279	0.0448998732825798	2.8805	2.7453
